Prior (Event/Nonevent):
0.055625 0.944375
Event posterior means: 
2.6404494382 1.12359550562 0.561797752809 0.505617977528 1.62921348315 1.96629213483 1.29213483146 1.68539325843 0.0561797752809 0.337078651685 0.0561797752809 1.06741573034 1.57303370787 0.280898876404 0.224719101124 0.0561797752809 0.786516853933 0.224719101124 0.449438202247 0.0561797752809 0.224719101124 0.0561797752809 0.112359550562 1.06741573034 2.69662921348 0.224719101124 0.955056179775 0.168539325843 0.112359550562 0.0 0.280898876404 0.561797752809 0.224719101124 0.224719101124 0.337078651685 0.61797752809 0.224719101124 0.0561797752809 0.393258426966 0.674157303371 0.168539325843 0.0 0.561797752809 0.393258426966 0.0561797752809 0.505617977528 0.112359550562 0.224719101124 0.0 0.112359550562 0.0 0.0 0.112359550562 0.0 0.224719101124 0.0561797752809 0.505617977528 0.0561797752809 0.112359550562 0.0561797752809 0.0 0.0 0.112359550562 0.0 0.224719101124 0.224719101124 0.786516853933 0.0561797752809 0.0 0.0 0.224719101124 0.0 0.112359550562 0.0 0.112359550562 0.224719101124 0.168539325843 0.0561797752809 0.112359550562 0.0 
Event posterior stdevs: 
4.42066843378 3.16699156722 2.30918116521 2.19719181589 3.7033563109 3.98570734127 3.3638229771 3.75400503453 0.749531688996 1.80985263454 0.749531688996 3.09655450154 3.65113600602 1.65695769167 1.48630515978 0.749531688996 2.69953714431 1.48630515978 2.07765206439 0.749531688996 1.48630515978 0.749531688996 1.05699929442 3.09655450154 4.45036529798 1.48630515978 2.94741143677 1.29087151445 1.05699929442 0.0 1.65695769167 2.30918116521 1.48630515978 1.48630515978 1.80985263454 2.41467087499 1.48630515978 0.749531688996 1.94917324225 2.51447911466 1.29087151445 0.0 2.30918116521 1.94917324225 0.749531688996 2.19719181589 1.05699929442 1.48630515978 0.0 1.05699929442 0.0 0.0 1.05699929442 0.0 1.48630515978 0.749531688996 2.19719181589 0.749531688996 1.05699929442 0.749531688996 0.0 0.0 1.05699929442 0.0 1.48630515978 1.48630515978 2.69953714431 0.749531688996 0.0 0.0 1.48630515978 0.0 1.05699929442 0.0 1.05699929442 1.48630515978 1.29087151445 0.749531688996 1.05699929442 0.0 
Nonevent posterior means: 
0.502978160159 0.195234943746 0.0264725347452 0.158835208471 0.486432825943 0.271343481138 0.390469887492 0.181998676373 0.0165453342158 0.0562541363336 0.00992720052945 0.043017868961 0.35737921906 0.043017868961 0.0 0.0066181336863 0.17868960953 0.0165453342158 0.0562541363336 0.0 0.0562541363336 0.0066181336863 0.00330906684315 0.0827266710788 0.655195234944 0.00992720052945 0.277961614825 0.043017868961 0.0694904037062 0.00330906684315 0.0231634679021 0.0264725347452 0.0132362673726 0.0397088021178 0.0893448047651 0.0694904037062 0.0992720052945 0.0330906684315 0.0727994705493 0.0496360026473 0.0165453342158 0.0198544010589 0.0264725347452 0.0165453342158 0.0132362673726 0.0694904037062 0.00330906684315 0.0066181336863 0.00330906684315 0.00330906684315 0.0 0.0 0.00992720052945 0.0 0.0 0.0 0.0165453342158 0.00330906684315 0.0231634679021 0.0 0.0132362673726 0.0 0.0 0.0132362673726 0.0496360026473 0.00992720052945 0.0694904037062 0.00330906684315 0.0066181336863 0.0066181336863 0.00330906684315 0.0 0.0 0.0132362673726 0.0066181336863 0.0165453342158 0.00330906684315 0.0066181336863 0.0628722700199 0.00992720052945 
Nonevent posterior stdevs: 
2.18594962624 1.38378697648 0.513918231595 1.25045626892 2.15156761753 1.62501733706 1.93738849784 1.33695726418 0.406490185857 0.748038767903 0.314970290673 0.654576149982 1.85666717271 0.654576149982 0.0 0.257214754178 1.32497058118 0.406490185857 0.748038767903 0.0 0.748038767903 0.257214754178 0.181908406709 0.905921951386 2.47481277214 0.314970290673 1.64415571397 0.654576149982 0.830845079971 0.181908406709 0.480806229167 0.513918231595 0.36363612465 0.629000916411 0.941147521365 0.830845079971 0.991559613037 0.574387382345 0.850255353602 0.702893862114 0.406490185857 0.445213885846 0.513918231595 0.406490185857 0.36363612465 0.830845079971 0.181908406709 0.257214754178 0.181908406709 0.181908406709 0.0 0.0 0.314970290673 0.0 0.0 0.0 0.406490185857 0.181908406709 0.480806229167 0.0 0.36363612465 0.0 0.0 0.36363612465 0.702893862114 0.314970290673 0.830845079971 0.181908406709 0.257214754178 0.257214754178 0.181908406709 0.0 0.0 0.36363612465 0.257214754178 0.406490185857 0.181908406709 0.257214754178 0.79055460709 0.314970290673 
