Prior (Event/Nonevent):
0.185873605948 0.814126394052
Event posterior means: 
0.666666666667 1.4 0.933333333333 2.86666666667 0.933333333333 1.06666666667 0.6 0.266666666667 0.466666666667 0.6 0.8 0.266666666667 0.4 1.8 0.8 0.666666666667 2.53333333333 0.533333333333 0.8 0.533333333333 0.6 0.8 0.0 1.4 1.13333333333 0.8 0.0 0.133333333333 0.0 0.266666666667 0.2 0.466666666667 1.13333333333 0.733333333333 0.0666666666667 0.4 0.266666666667 0.933333333333 0.266666666667 0.866666666667 0.6 0.533333333333 0.6 0.6 0.4 0.0 0.933333333333 1.26666666667 0.733333333333 0.266666666667 0.533333333333 1.46666666667 0.0 0.0 0.133333333333 0.266666666667 1.73333333333 0.466666666667 0.466666666667 0.333333333333 0.0 0.466666666667 0.6 0.2 0.2 0.0666666666667 0.466666666667 0.133333333333 0.133333333333 0.133333333333 0.2 0.533333333333 0.266666666667 0.2 0.0 0.4 0.533333333333 0.0666666666667 0.133333333333 0.2 1.86666666667 0.0666666666667 0.8 0.333333333333 0.533333333333 0.133333333333 0.266666666667 0.133333333333 0.133333333333 0.6 0.466666666667 0.8 0.8 0.333333333333 0.2 0.2 1.66666666667 0.733333333333 0.266666666667 0.533333333333 220.78 5.65333333333 1.73333333333 6.8 6333.33333333 
Event posterior stdevs: 
2.50279485834 3.4814947033 2.91873528432 4.5371940397 2.91873528432 3.09723120921 2.38282444779 1.6164700404 2.11630508282 2.38282444779 2.7220205681 1.6164700404 1.96615660925 3.85474517999 2.7220205681 2.50279485834 4.36377194556 2.25450084259 2.7220205681 2.25450084259 2.38282444779 2.7220205681 0.0 3.4814947033 3.18061803683 2.7220205681 0.0 1.15081918105 0.0 1.6164700404 1.40469013039 2.11630508282 3.18061803683 2.6155617582 0.816496580928 1.96615660925 1.6164700404 2.91873528432 1.6164700404 2.82288506487 2.38282444779 2.25450084259 2.38282444779 2.38282444779 1.96615660925 0.0 2.91873528432 3.33713429822 2.6155617582 1.6164700404 2.25450084259 3.54958484512 0.0 0.0 1.15081918105 1.6164700404 3.79803316579 2.11630508282 2.11630508282 1.80106853693 0.0 2.11630508282 2.38282444779 1.40469013039 1.40469013039 0.816496580928 2.11630508282 1.15081918105 1.15081918105 1.15081918105 1.40469013039 2.25450084259 1.6164700404 1.40469013039 0.0 1.96615660925 2.25450084259 0.816496580928 1.15081918105 1.40469013039 3.90949054623 0.816496580928 2.7220205681 1.80106853693 2.25450084259 1.15081918105 1.6164700404 1.15081918105 1.15081918105 2.38282444779 2.11630508282 2.7220205681 2.7220205681 1.80106853693 1.40469013039 1.40469013039 3.73926502247 2.6155617582 1.6164700404 2.25450084259 175.911733129 5.76961104695 3.79803316579 4.68038890141 4835.08800981 
Nonevent posterior means: 
0.106544901065 0.182648401826 0.197869101979 1.00456621005 0.197869101979 0.197869101979 0.0152207001522 0.0456621004566 0.167427701674 0.228310502283 0.076103500761 0.076103500761 0.076103500761 0.654490106545 0.0913242009132 0.121765601218 0.517503805175 0.152207001522 0.213089802131 0.167427701674 0.076103500761 0.213089802131 0.0 0.243531202435 0.319634703196 0.197869101979 0.0 0.0 0.0608828006088 0.0456621004566 0.0913242009132 0.0456621004566 0.502283105023 0.152207001522 0.0 0.106544901065 0.0913242009132 0.213089802131 0.0 0.426179604262 0.167427701674 0.076103500761 0.13698630137 0.167427701674 0.0456621004566 0.0152207001522 0.213089802131 0.243531202435 0.289193302892 0.0608828006088 0.197869101979 0.395738203957 0.0304414003044 0.0 0.076103500761 0.0608828006088 0.62404870624 0.13698630137 0.076103500761 0.0456621004566 0.0 0.395738203957 0.0913242009132 0.0152207001522 0.0152207001522 0.0456621004566 0.076103500761 0.0152207001522 0.0 0.0 0.0304414003044 0.13698630137 0.0456621004566 0.0 0.0152207001522 0.289193302892 0.13698630137 0.076103500761 0.0152207001522 0.0152207001522 0.730593607306 0.0152207001522 0.0913242009132 0.0913242009132 0.0456621004566 0.0304414003044 0.0152207001522 0.0152207001522 0.0 0.213089802131 0.0608828006088 0.197869101979 0.350076103501 0.0304414003044 0.0152207001522 0.121765601218 0.669710806697 0.076103500761 0.0608828006088 0.0913242009132 258.864535769 1.46727549467 1.00456621005 2.7397260274 2922.37442922 
Nonevent posterior stdevs: 
1.02747459832 1.34009589197 1.39373435502 3.00836899266 1.39373435502 1.39373435502 0.39013715732 0.674706504606 1.28403835661 1.49478433913 0.869709463124 0.869709463124 0.869709463124 2.47504904305 0.951988089782 1.09757128769 2.21691416019 1.22522975686 1.44522311748 1.28403835661 0.869709463124 1.44522311748 0.0 1.54260381692 1.76036854872 1.39373435502 0.0 0.0 0.778488106313 0.674706504606 0.951988089782 0.674706504606 2.18582133337 1.22522975686 0.0 1.02747459832 0.951988089782 1.44522311748 0.0 2.02148132672 1.28403835661 0.869709463124 1.16325292486 1.28403835661 0.674706504606 0.39013715732 1.44522311748 1.54260381692 1.6770751945 0.778488106313 1.39373435502 1.95104258674 0.551316567235 0.0 0.869709463124 0.778488106313 2.42073739976 1.16325292486 0.869709463124 0.674706504606 0.0 1.95104258674 0.951988089782 0.39013715732 0.39013715732 0.674706504606 0.869709463124 0.39013715732 0.0 0.0 0.551316567235 1.16325292486 0.674706504606 0.0 0.39013715732 1.6770751945 1.16325292486 0.869709463124 0.39013715732 0.39013715732 2.60432188534 0.39013715732 0.951988089782 0.951988089782 0.674706504606 0.551316567235 0.39013715732 0.39013715732 0.0 1.44522311748 0.778488106313 1.39373435502 1.8393905142 0.551316567235 0.39013715732 1.09757128769 2.50162363284 0.869709463124 0.778488106313 0.951988089782 259.722802937 2.66456719336 3.00836899266 4.46334890653 4551.37360261 
